/*--------------------------------*- C++ -*----------------------------------*\
  =========                 |
  \\      /  F ield         | OpenFOAM: The Open Source CFD Toolbox
   \\    /   O peration     | Website:  https://openfoam.org
    \\  /    A nd           | Version:  6
     \\/     M anipulation  |
\*---------------------------------------------------------------------------*/
FoamFile
{
    version     2.0;
    format      ascii;
    class       cellSet;
    location    "constant/polyMesh/sets";
    object      highAspectRatioCells;
}
// * * * * * * * * * * * * * * * * * * * * * * * * * * * * * * * * * * * * * //


192
(
0 
1 
2 
1539 
3 
4 
20485 
5 
20486 
6 
20487 
7 
20488 
8 
20489 
9 
10 
11 
12 
13 
14 
20495 
15 
16 
20496 
20497 
17 
20498 
18 
20499 
19 
20500 
20 
20501 
20502 
23 
20503 
24 
20504 
25 
20505 
20506 
26 
20507 
27 
20508 
20509 
20510 
31 
20511 
2079 
32 
2080 
20512 
2081 
33 
20513 
20514 
2082 
34 
20515 
35 
20516 
20517 
20518 
20519 
40 
2600 
20520 
20521 
41 
2601 
2602 
20522 
42 
20523 
43 
20524 
44 
20525 
20526 
20527 
20528 
3120 
20529 
3121 
20530 
51 
20531 
20532 
52 
20533 
53 
20534 
54 
20535 
20536 
20537 
20538 
1595 
20539 
62 
63 
64 
65 
74 
75 
76 
87 
88 
89 
2144 
2145 
2146 
2147 
2148 
101 
102 
103 
2665 
2666 
2667 
3185 
1652 
117 
118 
133 
134 
150 
151 
2210 
2211 
2212 
2213 
168 
169 
2730 
2731 
2732 
1710 
3250 
188 
208 
2275 
2276 
2277 
229 
2278 
1769 
2795 
2796 
3315 
251 
2340 
1829 
2341 
2342 
2343 
2860 
2861 
3380 
1890 
1891 
2405 
2406 
2407 
2925 
2926 
20340 
3445 
20363 
20384 
1952 
1953 
1954 
2470 
2471 
2472 
2990 
2991 
20403 
3510 
1484 
2015 
2016 
2017 
2535 
2536 
2537 
3055 
3056 
20474 
)

// ************************************************************************* //
